B,Cleveland Cavaliers,16,2,1.78,2.06,1.62,1.99,2.16,1.62,1.88,1.92,1.72,1.72,2.16,1.82,2.16,1.62,2.14
V,Bergamo,14,1.56,1.8,1.81,1.63,1.79,1.67,1.95,1.67,2.01,1.63,1.69,1.83,1.85,1.93,2.04
V,Firenze,17,1.69,1.54,1.51,1.64,1.89,1.97,1.8,2.05,1.86,1.61,1.65,1.57,2,1.73,2.04,1.53,2.07
V,Roma,13,1.97,1.82,1.63,1.65,1.5,1.75,1.55,2.03,1.79,2.03,1.63,1.78,2.06,1.62
B,Dallas Mavericks,16,1.75,2.2,1.81,1.68,1.78,2.19,2.16,2.04,1.69,1.99,1.87,1.98,1.98,2.13,1.94,1.78
V,Trentino,15,1.59,1.89,1.88,1.69,1.72,2.06,1.81,1.96,1.82,1.6,1.99,1.82,2,1.66,1.9,1.72
V,Casalmaggiore,15,1.79,1.75,1.65,1.71,1.85,1.55,2.1,1.86,1.94,1.51,1.82,1.67,1.93,2.01,2.05,1.86
V,Chieri,15,1.65,1.86,1.54,1.72,2.01,2.01,1.97,1.63,1.9,1.6,1.94,1.61,1.83,1.74,1.74
B,Detroit Pistons,15,1.79,1.65,1.69,1.74,2.09,1.68,1.77,1.88,1.72,2.09,1.9,2.18,2.02,2.14,1.9
B,Houston Rockets,17,2.08,1.84,1.82,1.76,2.08,2.02,1.81,1.79,1.83,2.09,2.08,1.65,1.71,1.78,1.84,1.65,1.95
B,Indiana Pacers,16,1.97,2.04,2.07,1.8,2.11,2.17,2.06,2.19,2.17,1.65,1.93,2.01,1.89,2.01,2.13,1.98
V,Scandicci,12,1.51,2.04,2.08,1.83,2.01,1.55,1.81,1.72,2.02,1.98,1.67,2.05
V,Perugia,16,1.52,1.68,1.93,1.88,1.61,1.68,1.83,1.62,1.75,1.99,2.1,1.96,2,1.57,1.99,1.73
B,Los Angeles Clippers,16,1.62,2.12,2.08,1.93,2.12,1.92,1.96,1.84,2.12,1.72,1.86,1.87,1.68,1.68,1.63,1.78
V,Cuneo,14,1.73,1.94,1.67,1.97,1.71,1.94,1.57,1.6,1.84,1.89,1.78,2.02,1.63,1.89,1.9
B,Denver Nuggets,15,2.05,1.69,1.6,1.99,1.79,1.62,1.98,1.79,1.89,1.8,2.19,1.8,1.64,2.07,1.79
V,Monza,15,1.88,1.69,1.55,2.01,1.96,1.51,1.85,1.81,1.67,1.68,1.67,1.74,1.88,1.55
V,Conegliano,16,1.52,1.72,1.75,2.04,1.61,1.68,1.77,1.73,2.01,1.96,2.08,1.98,1.64,1.74,1.54,1.53
V,Novara,16,1.63,1.93,1.95,2.04,2.05,2.05,2.09,2,1.85,1.6,1.88,2.07,1.99
V,Vallefoglia,15,1.74,1.98,1.66,2.05,1.69,1.69,1.61,1.65,1.96,2.02,1.58,1.63,1.66,1.98,1.8,1.9
B,Boston Celtics,17,2.13,2.06,1.83,2.05,2.17,1.76,2.12,2.18,1.72,2.18,2.16,1.68,1.77,2.12,1.65,2.01,1.93
B,Charlotte Hornets,16,1.89,1.8,1.64,2.06,1.83,2.17,2.02,2.05,2.12,1.67,1.9,1.87,2.09,2.09,2,1.86
B,Golden State Warriors,16,2.16,2.05,1.75,2.07,2.11,1.77,1.81,2.19,2.13,1.87,2.19,1.8,2.07,1.7,1.75,1.85
B,Atlanta Hawks,16,2.01,2.12,1.86,2.1,2.04,1.88,2.11,1.71,2.15,2.09,1.78,1.86,1.97,1.76,1.81,2.08
B,Chicago Bulls,17,1.82,1.77,2.11,2.18,1.7,1.65,1.84,2.2,1.72,1.77,1.99,1.8,1.71,1.95,1.65,2,1.66
B,Brooklyn Nets,17,2.17,1.75,1.97,2.19,1.8,1.75,1.79,1.89,1.75,1.77,1.76,1.97,1.68,1.97,1.68,1.88,1.88
